0,414
0,413
0,412
0,411
0,410
0,409
0,408
0,407
0,406
0,405
0,404
0,403
0,402
0,401
0,400
0,399
0,398
0,397
0,396
0,395
41,3
41,2
0,394
41,1
41,0
0,393
0,392
0,391
0,390
0,389
0,388
40,3
40,2
0,387
0,386
40,1
40,0
0,385
0,384
39,3
39,2
0,319
39,1
39,0
38,3
38,2
38,1
38,0
37,3
37,2
37,1
37,0
36,3
36,2
36,1
36,0
35,3
35,2
35,1
35,0
34,3
34,2
34,1
34,0
33,3
33,2
33,1
33,0
32,3
32,2
32,1
32,0
0,318
31,3
31,2
31,1
31,0
30,3
30,2
30,1
30,0
29,3
29,2
29,1
29,0
28,3
28,2
28,1
28,0
0,317
0,316
27,3
27,2
27,1
27,0
26,3
26,2
26,1
26,0
23,35
0,283
25,3
25,2
25,1
25,0
24,3
24,2
0,9
24,1
24,0
3,2
10,69
10,179
10,201
10,155
10,2
10,3
11,9
11,16
11,11
11,4
11,15
11,2
11,3
9,5
9,2
9,3
8,9
8,10
8,7
8,6
8,5
8,2
8,3
12,2
12,1
12,3
